procs -----------memory---------- ---swap-- -----io---- -system-- ------cpu----- -----timestamp-----
 r  b   swpd   free   buff  cache   si   so    bi    bo   in   cs us sy id wa st                CEST
32  0      0 11350348 313808 3969340    0    0    49  1247  168  262  1  2 89  8  0 2019-10-11 19:33:31
 0  3      0 11277876 319656 4030428    0    0    19 17168 3368 5856  2  8 38 53  0 2019-10-11 19:33:41
 0  4      0 11222604 323988 4079592    0    0     6 14534 3362 5700  1  7 36 56  0 2019-10-11 19:33:51
 0  3      0 11165124 328320 4130696    0    0    11 15585 3651 5765  1  7 33 59  0 2019-10-11 19:34:01
 0 17      0 11096852 333308 4193160    0    0    22 20117 3987 6132  1  8 30 61  0 2019-10-11 19:34:11
 0  3      0 11039560 337536 4244544    0    0    13 16648 3497 5738  1  7 32 59  0 2019-10-11 19:34:21
 0  2      0 10981068 341556 4297312    0    0    10 17024 3329 5700  1  7 39 53  0 2019-10-11 19:34:31
 0  2      0 10914516 346136 4358636    0    0    13 19798 3864 6062  1  8 28 63  0 2019-10-11 19:34:41
 1  2      0 10854228 350032 4411376    0    0    13 17030 3680 5817  2  7 31 60  0 2019-10-11 19:34:51
 0  3      0 10799236 353724 4462148    0    0    11 16821 3705 5856  1  7 33 58  0 2019-10-11 19:35:01
 0  2      0 10732816 357904 4523288    0    0    18 19352 3712 5995  1  8 29 62  0 2019-10-11 19:35:11
 0  3      0 10669916 361784 4581280    0    0    13 18577 3599 5958  1  7 32 59  0 2019-10-11 19:35:21
 0  2      0 10609584 365288 4635708    0    0    14 17732 3619 5716  1  7 36 55  0 2019-10-11 19:35:31
 0  9      0 10544720 369016 4695868    0    0    20 19770 3712 5924  1  7 30 61  0 2019-10-11 19:35:41
 0  3      0 10490708 372100 4744840    0    0    13 16298 3261 5093  1  7 23 69  0 2019-10-11 19:35:51
 0  9      0 10436668 375112 4796060    0    0     8 16749 3687 5822  1  7 37 55  0 2019-10-11 19:36:01
30  0      0 10370760 378696 4854956    0    0    11 18782 3592 5825  2  9 36 54  0 2019-10-11 19:36:11
 0  2      0 10305120 382340 4914968    0    0    15 19263 3452 6035  1 10 31 57  0 2019-10-11 19:36:21
33  0      0 10247936 385388 4967848    0    0     8 16978 3554 5671  1 11 39 49  0 2019-10-11 19:36:31
 0  0      0 10899224 313740 4426400    0    0     3  4884 1656 2626  1  5 51 43  0 2019-10-11 19:36:41
