procs -----------memory---------- ---swap-- -----io---- -system-- ------cpu----- -----timestamp-----
 r  b   swpd   free   buff  cache   si   so    bi    bo   in   cs us sy id wa st                CEST
26  0      0 11349444 313812 3969628    0    0    49  1247  168  262  1  2 89  8  0 2019-10-11 19:33:31
 1  0      0 11350056 313812 3969700    0    0     0     0  535 1060  2  3 95  0  0 2019-10-11 19:33:32
 0 28      0 11342456 314548 3974328    0    0    40 14596 3948 7306  6 12 32 51  0 2019-10-11 19:33:33
 0  2      0 11333624 315116 3981228    0    0    16 19604 4090 6310  2  7 25 67  0 2019-10-11 19:33:34
 0  2      0 11326052 315684 3987952    0    0    32 19132 4026 6414  1 11 23 65  0 2019-10-11 19:33:35
25  7      0 11317944 316516 3995020    0    0     8 19956 3954 6306  2  6 24 68  0 2019-10-11 19:33:36
 1  2      0 11309300 317092 4002144    0    0     8 19824 3660 6236  1  8 29 61  0 2019-10-11 19:33:37
 0  2      0 11301272 317676 4009248    0    0    32 19572 3370 6060  1  7 35 57  0 2019-10-11 19:33:38
 0  2      0 11293272 318316 4016688    0    0    16 20428 3576 6178  2  9 40 49  0 2019-10-11 19:33:39
 0  4      0 11285164 319064 4023940    0    0    16 20240 3119 6446  2  7 37 55  0 2019-10-11 19:33:40
 0  3      0 11277876 319656 4030572    0    0    20 18352 3384 6098  2  7 36 55  0 2019-10-11 19:33:41
 0  2      0 11271568 320080 4035692    0    0     8 14804 3274 5757  1  7 39 53  0 2019-10-11 19:33:42
 0  2      0 11266204 320480 4040808    0    0     4 14580 3319 5596  2  7 38 53  0 2019-10-11 19:33:43
 1  4      0 11259360 320928 4046052    0    0    12 15104 3274 5412  1  7 36 56  0 2019-10-11 19:33:44
 0  2      0 11255760 321444 4050712    0    0     0 14420 3379 5476  1  7 30 63  0 2019-10-11 19:33:45
 0  2      0 11249136 321832 4055924    0    0     4 14936 3242 5711  1  9 35 54  0 2019-10-11 19:33:46
 0  3      0 11244308 322232 4061012    0    0     4 15308 3381 6110  1  8 40 51  0 2019-10-11 19:33:47
 0 31      0 11238220 322648 4065996    0    0     8 14804 3462 5965  2  6 35 57  0 2019-10-11 19:33:48
 0  2      0 11232984 322996 4070372    0    0     8 13512 3529 5548  2  6 29 63  0 2019-10-11 19:33:49
 0  3      0 11228156 323620 4074848    0    0     4 14052 3395 5538  1  7 35 56  0 2019-10-11 19:33:50
 0  3      0 11222604 323996 4079584    0    0     8 14196 3400 5950  2  7 38 53  0 2019-10-11 19:33:51
 0  4      0 11216044 324368 4084076    0    0     4 13924 3542 5390  1  7 31 61  0 2019-10-11 19:33:52
 0  2      0 11210712 324752 4089204    0    0    20 15016 3820 6129  1  7 33 59  0 2019-10-11 19:33:53
 0  3      0 11205096 325164 4094576    0    0    16 16216 3556 5804  1  8 31 60  0 2019-10-11 19:33:54
 0 29      0 11199480 325720 4100048    0    0     8 16956 3696 6068  2  6 34 59  0 2019-10-11 19:33:55
 0  2      0 11194212 326124 4104620    0    0     0 14384 3573 5550  1  7 39 53  0 2019-10-11 19:33:56
 1  4      0 11187116 326536 4109924    0    0    16 15984 3824 5450  2  7 28 63  0 2019-10-11 19:33:57
 2  2      0 11183548 326952 4114908    0    0     4 15084 3504 5790  1  6 36 58  0 2019-10-11 19:33:58
 0  3      0 11177932 327364 4119968    0    0    12 15184 3666 5775  1  6 36 57  0 2019-10-11 19:33:59
 0 12      0 11172064 327788 4125212    0    0    16 15364 3616 5861  1  8 32 58  0 2019-10-11 19:34:00
 0  2      0 11164872 328336 4130680    0    0    12 17912 3772 5921  1  7 27 64  0 2019-10-11 19:34:01
 0  4      0 11159444 328728 4136064    0    0    12 17836 3708 5863  1  7 39 53  0 2019-10-11 19:34:02
 0 29      0 11154028 329148 4140948    0    0    16 16228 3641 5598  1  7 40 52  0 2019-10-11 19:34:03
 0  3      0 11147456 329532 4146680    0    0    24 17556 3791 5710  2  7 36 55  0 2019-10-11 19:34:04
 0  2      0 11141368 329916 4151380    0    0     8 15724 3822 6012  1  7 35 56  0 2019-10-11 19:34:05
 0  2      0 11133452 330592 4159096    0    0    12 23412 4234 6097  2 10 33 56  0 2019-10-11 19:34:06
 0  2      0 11125376 331096 4166048    0    0    40 21512 4049 6477  2  8 25 65  0 2019-10-11 19:34:07
 0 16      0 11117804 331612 4173040    0    0    20 21944 4179 6310  2  8 22 68  0 2019-10-11 19:34:08
 3  7      0 11110768 332180 4179880    0    0    28 22504 4195 6673  2 10 23 66  0 2019-10-11 19:34:09
 0  7      0 11102992 332768 4186532    0    0    24 22380 4165 6560  2  8 22 68  0 2019-10-11 19:34:10
 1  2      0 11094796 333336 4193552    0    0    32 22540 4200 6135  1  6 22 71  0 2019-10-11 19:34:11
 0 22      0 11089028 333820 4200204    0    0    40 21396 3795 6057  1  8 24 67  0 2019-10-11 19:34:12
 0  3      0 11081268 334288 4206572    0    0    24 19192 3434 5919  1  8 28 63  0 2019-10-11 19:34:13
 4 25      0 11076156 334748 4211288    0    0     4 15152 3422 5492  2  6 32 61  0 2019-10-11 19:34:14
 1  3      0 11070636 335104 4215876    0    0    16 15500 3520 5698  2  5 31 63  0 2019-10-11 19:34:15
 0 27      0 11065684 335472 4220360    0    0     4 15796 3393 5724  1  7 35 57  0 2019-10-11 19:34:16
 0  3      0 11059972 335828 4225236    0    0     8 16328 3494 5930  1  8 35 57  0 2019-10-11 19:34:17
 0  2      0 11054388 336204 4230304    0    0     0 15728 3688 5870  2  7 34 58  0 2019-10-11 19:34:18
 0  2      0 11049184 336816 4234928    0    0     4 16052 3292 5737  2  7 38 53  0 2019-10-11 19:34:19
 0  2      0 11044324 337188 4239880    0    0     8 15536 3386 5336  1  8 34 56  0 2019-10-11 19:34:20
 1  3      0 11038772 337556 4244848    0    0    24 15640 3497 5610  1  7 34 58  0 2019-10-11 19:34:21
 0  3      0 11032904 337944 4250072    0    0     8 16880 3113 5617  2  6 35 57  0 2019-10-11 19:34:22
 1  2      0 11027352 338308 4254556    0    0    16 15668 3374 5772  2  6 33 60  0 2019-10-11 19:34:23
 2  2      0 11022168 338688 4259764    0    0     4 15888 3466 5399  2  7 32 60  0 2019-10-11 19:34:24
 1 15      0 11016120 339184 4265076    0    0    12 17972 3172 5334  1  7 39 54  0 2019-10-11 19:34:25
 0  3      0 11010536 339624 4270544    0    0    20 17528 3044 5755  1  7 44 48  0 2019-10-11 19:34:26
 0  2      0 11005140 339960 4275796    0    0     8 16784 3092 5771  2  7 46 45  0 2019-10-11 19:34:27
 0  3      0 10999272 340364 4281240    0    0    16 17564 3223 6065  1  6 46 46  0 2019-10-11 19:34:28
 0  3      0 10993248 340808 4286836    0    0     8 17860 3417 5747  2  5 37 56  0 2019-10-11 19:34:29
 0  2      0 10986496 341196 4291580    0    0     0 15280 3320 5317  2  5 44 49  0 2019-10-11 19:34:30
 3  3      0 10980572 341580 4297356    0    0    12 18900 4098 6218  2 10 30 59  0 2019-10-11 19:34:31
 0  2      0 10975484 341928 4302576    0    0    16 17116 3146 5718  2  6 31 61  0 2019-10-11 19:34:32
 0  2      0 10969568 342320 4307816    0    0     8 17132 3637 5905  1  6 34 59  0 2019-10-11 19:34:33
 0  2      0 10963796 342744 4312488    0    0     4 16064 3818 5953  2  7 33 59  0 2019-10-11 19:34:34
 0  3      0 10957392 343312 4318052    0    0     4 18040 3779 5625  1  7 31 61  0 2019-10-11 19:34:35
 0  3      0 10952816 343612 4322808    0    0     8 15616 3524 5558  2  7 28 63  0 2019-10-11 19:34:36
 0  2      0 10943828 344016 4331020    0    0     4 24008 4442 6120  2  9 31 59  0 2019-10-11 19:34:37
 1  2      0 10935216 344512 4337992    0    0    20 22496 4080 6125  1  8 25 66  0 2019-10-11 19:34:38
 0  1      0 10929628 345164 4344860    0    0    20 22888 3910 6375  1  8 22 69  0 2019-10-11 19:34:39
 1 19      0 10922812 345692 4351776    0    0    20 22440 4140 6643  1 10 22 67  0 2019-10-11 19:34:40
 1  2      0 10914484 346160 4358988    0    0    28 22180 4156 6602  2  8 21 69  0 2019-10-11 19:34:41
 0 17      0 10906312 346672 4366148    0    0    20 23016 4275 6784  1 11 21 67  0 2019-10-11 19:34:42
 0  2      0 10897984 347260 4373176    0    0    32 22008 4228 6649  2  8 23 67  0 2019-10-11 19:34:43
 0  2      0 10891800 347620 4378520    0    0    16 16700 3496 5612  1 10 37 51  0 2019-10-11 19:34:44
 0  2      0 10885996 347976 4383476    0    0     0 16352 3670 5605  1  8 36 55  0 2019-10-11 19:34:45
 0  3      0 10880436 348332 4388400    0    0     8 16396 3670 5614  2  6 30 62  0 2019-10-11 19:34:46
 0  3      0 10875080 348728 4393232    0    0    24 15588 3498 5546  2  6 29 64  0 2019-10-11 19:34:47
 0  9      0 10870704 349232 4397664    0    0     4 15980 3498 5607  1  6 35 58  0 2019-10-11 19:34:48
 0  2      0 10865756 349504 4402316    0    0     4 14412 3552 5535  1  5 34 59  0 2019-10-11 19:34:49
 0  3      0 10860220 349772 4406896    0    0     4 15104 3458 5663  2  7 36 55  0 2019-10-11 19:34:50
 1  3      0 10855316 350044 4411488    0    0    12 14780 3470 5698  2  7 35 56  0 2019-10-11 19:34:51
 2 33      0 10849212 350388 4415964    0    0    12 14956 3717 5607  1  7 32 61  0 2019-10-11 19:34:52
 0  3      0 10845864 350760 4420656    0    0    24 16604 3631 5660  1  5 30 64  0 2019-10-11 19:34:53
 0 33      0 10839776 351232 4425680    0    0    16 17004 3434 5523  1  7 29 62  0 2019-10-11 19:34:54
 0  3      0 10833908 351584 4430948    0    0     8 17424 3442 5950  2  7 33 59  0 2019-10-11 19:34:55
 0  3      0 10828040 351912 4436132    0    0    12 16876 4030 6245  1  9 35 54  0 2019-10-11 19:34:56
 0  3      0 10821888 352288 4441604    0    0     0 17132 3696 5917  1  5 34 60  0 2019-10-11 19:34:57
 2 20      0 10816052 352692 4446412    0    0    20 16484 3781 5917  2  7 37 54  0 2019-10-11 19:34:58
 0 32      0 10810656 353080 4451584    0    0     8 17008 3867 5688  1  6 42 51  0 2019-10-11 19:34:59
 0  3      0 10804536 353404 4457368    0    0     4 17872 3818 6041  2  7 35 56  0 2019-10-11 19:35:00
 1  2      0 10798920 353736 4462456    0    0     4 16460 3599 5860  2  7 28 63  0 2019-10-11 19:35:01
 0  3      0 10793840 354060 4467376    0    0     4 15604 3540 5504  2  7 27 64  0 2019-10-11 19:35:02
32  0      0 10788224 354460 4472668    0    0    16 18212 3770 5868  1  8 25 66  0 2019-10-11 19:35:03
 1  2      0 10781852 354944 4477908    0    0    20 17736 3737 5946  2  6 32 60  0 2019-10-11 19:35:04
 0  3      0 10776236 355268 4483440    0    0    16 16708 3790 5961  1  8 36 55  0 2019-10-11 19:35:05
 1  2      0 10770904 355600 4488420    0    0    12 16352 3717 5550  0  8 31 61  0 2019-10-11 19:35:06
 2  3      0 10765288 355920 4493672    0    0     8 16620 3446 5812  1  7 36 56  0 2019-10-11 19:35:07
 0 17      0 10756172 356476 4502024    0    0    28 26412 4459 6228  2  9 26 64  0 2019-10-11 19:35:08
 0  4      0 10747780 357016 4509572    0    0    28 22904 4071 6509  2  8 21 70  0 2019-10-11 19:35:09
 0 23      0 10740460 357484 4516556    0    0    36 21516 3949 6394  2  9 23 67  0 2019-10-11 19:35:10
 2  2      0 10732532 357928 4523928    0    0    12 22300 2636 6281  1  7 38 54  0 2019-10-11 19:35:11
 0  3      0 10723740 358472 4531224    0    0    12 23344 2733 6485  1  6 39 55  0 2019-10-11 19:35:12
 0  2      0 10715852 358912 4538428    0    0    24 22068 4012 6413  2  6 25 67  0 2019-10-11 19:35:13
 0  2      0 10708092 359324 4545140    0    0     8 21164 3984 6241  2  9 30 59  0 2019-10-11 19:35:14
 0  5      0 10702736 359632 4550844    0    0    16 17448 3535 5503  1  7 33 59  0 2019-10-11 19:35:15
 4 10      0 10696828 360132 4555648    0    0     8 16912 3828 5874  2  8 34 56  0 2019-10-11 19:35:16
 0 21      0 10691968 360516 4561044    0    0    12 16728 3497 5781  2  6 33 59  0 2019-10-11 19:35:17
 2  2      0 10686488 360828 4566404    0    0    12 17556 3854 5993  1  7 29 62  0 2019-10-11 19:35:18
 1  5      0 10678720 361148 4571800    0    0     8 16492 3290 5650  1  8 36 55  0 2019-10-11 19:35:19
 0 26      0 10675500 361468 4576352    0    0    20 16292 3592 5790  1  6 33 61  0 2019-10-11 19:35:20
 4  0      0 10669640 361800 4581548    0    0     8 17428 3754 6167  1  7 32 60  0 2019-10-11 19:35:21
 0  2      0 10663584 362244 4586756    0    0    20 17172 3296 5637  2  5 36 58  0 2019-10-11 19:35:22
 0  3      0 10657268 362620 4592144    0    0    12 17904 3456 5835  2  6 33 60  0 2019-10-11 19:35:23
 1  2      0 10651336 362948 4597860    0    0    12 17828 3672 5688  2  8 39 51  0 2019-10-11 19:35:24
 1  2      0 10645216 363272 4603504    0    0    16 17988 3751 5604  1  8 38 53  0 2019-10-11 19:35:25
 0  2      0 10638528 363652 4609192    0    0     8 19156 3940 5601  2  8 37 53  0 2019-10-11 19:35:26
 1  3      0 10633636 363988 4614452    0    0    20 16568 3594 5668  1  7 39 52  0 2019-10-11 19:35:27
 0  2      0 10627768 364288 4619760    0    0    16 16908 3705 5571  2  8 36 54  0 2019-10-11 19:35:28
 0  3      0 10621176 364612 4624920    0    0    20 17388 3654 5627  1  7 39 52  0 2019-10-11 19:35:29
 0  3      0 10615528 364900 4630468    0    0    16 18100 3583 5827  2  7 35 57  0 2019-10-11 19:35:30
 0  2      0 10609248 365304 4636136    0    0     4 18304 3576 5876  2  8 31 59  0 2019-10-11 19:35:31
 0 14      0 10602972 365804 4641716    0    0    24 17968 3363 5837  2  7 34 57  0 2019-10-11 19:35:32
 1  3      0 10596128 366088 4647320    0    0    16 18376 3726 5935  1  7 29 63  0 2019-10-11 19:35:33
 0  3      0 10592056 366396 4652276    0    0     8 17448 3511 5624  1  7 31 61  0 2019-10-11 19:35:34
 0  3      0 10586656 366676 4657068    0    0    16 16616 3385 5584  1  7 35 57  0 2019-10-11 19:35:35
 0  5      0 10581188 367004 4662216    0    0    16 17172 3554 5330  2  7 36 56  0 2019-10-11 19:35:36
 0 27      0 10575272 367432 4667844    0    0    20 18532 3428 5483  2  5 37 55  0 2019-10-11 19:35:37
 0 19      0 10567200 367772 4674768    0    0    12 22012 3817 5908  1  9 34 56  0 2019-10-11 19:35:38
 0  3      0 10559296 368168 4682108    0    0    32 23760 4033 6437  2  7 21 70  0 2019-10-11 19:35:39
 0  2      0 10552260 368532 4689140    0    0    24 22780 4075 6417  1  8 26 64  0 2019-10-11 19:35:40
 0 15      0 10544112 369060 4696324    0    0    44 23876 4270 6715  1  9 19 72  0 2019-10-11 19:35:41
 0 14      0 10536532 369436 4703520    0    0    20 22848 4201 6245  2 10 21 67  0 2019-10-11 19:35:42
 0 14      0 10527668 369808 4710828    0    0    32 22804 4086 6429  2 11 21 66  0 2019-10-11 19:35:43
 9 11      0 10519844 370280 4718012    0    0    20 23316 4038 6315  2  7 21 70  0 2019-10-11 19:35:44
 4  8      0 10516256 370552 4720600    0    0     8  7888 1760 2451  1  3  8 88  0 2019-10-11 19:35:45
 5  1      0 10514388 370696 4721936    0    0     0  5096 1364 2435  1  3 12 84  0 2019-10-11 19:35:46
 0  2      0 10509648 371012 4727252    0    0     8 16884 3315 5869  1  7 34 58  0 2019-10-11 19:35:47
 1  2      0 10503392 371292 4732484    0    0    12 16732 3656 5521  0  9 29 61  0 2019-10-11 19:35:48
 0  3      0 10500108 371548 4737000    0    0     8 16592 3618 5468  1  7 27 65  0 2019-10-11 19:35:49
 4 14      0 10495108 371836 4741448    0    0     4 16132 3541 5417  2  6 32 61  0 2019-10-11 19:35:50
 1  0      0 10490076 372168 4746008    0    0     8 15536 3404 5370  1  5 33 61  0 2019-10-11 19:35:51
 0 30      0 10484428 372552 4751004    0    0     4 16500 3576 5815  1  9 31 59  0 2019-10-11 19:35:52
 0 32      0 10478704 372808 4755560    0    0     8 16156 3428 5949  1  9 37 53  0 2019-10-11 19:35:53
 0  3      0 10474348 373048 4760328    0    0     4 15620 3400 5724  2  7 34 57  0 2019-10-11 19:35:54
 0  3      0 10469048 373288 4765232    0    0     0 16100 3745 6060  2  6 43 49  0 2019-10-11 19:35:55
 0  3      0 10463936 373624 4770344    0    0     8 17640 3867 5990  2  7 41 51  0 2019-10-11 19:35:56
 0  3      0 10458020 373988 4775836    0    0     4 17492 3806 5873  2  7 34 57  0 2019-10-11 19:35:57
 1  2      0 10451868 374312 4781364    0    0    12 17248 3896 5398  1  7 38 54  0 2019-10-11 19:35:58
 0  3      0 10445212 374624 4787120    0    0    20 18504 3894 6196  1  7 38 54  0 2019-10-11 19:35:59
 0 28      0 10440148 374888 4792064    0    0    16 16356 3751 5966  2  7 37 54  0 2019-10-11 19:36:00
 0  4      0 10434564 375176 4797344    0    0     8 17080 3730 5674  2  8 33 58  0 2019-10-11 19:36:01
 1  3      0 10426900 375644 4802652    0    0     4 17336 3496 5359  1  6 31 62  0 2019-10-11 19:36:02
 0  3      0 10422780 376020 4808132    0    0    20 17872 3625 5856  2  8 27 63  0 2019-10-11 19:36:03
 0 30      0 10417164 376288 4813228    0    0    16 16296 3671 5836  2  7 30 61  0 2019-10-11 19:36:04
 0  3      0 10411864 376556 4818472    0    0    12 16776 3626 5793  1  6 34 59  0 2019-10-11 19:36:05
 0  3      0 10405572 376848 4823220    0    0     4 15836 3346 5757  1  6 39 53  0 2019-10-11 19:36:06
 0  2      0 10399672 377228 4828540    0    0    16 17416 3447 5711  2  9 32 58  0 2019-10-11 19:36:07
 0 27      0 10393364 377616 4833628    0    0     4 17352 3471 5557  1  7 38 54  0 2019-10-11 19:36:08
 0  2      0 10385060 378012 4841936    0    0     8 24860 4133 5998  1 12 43 44  0 2019-10-11 19:36:09
10  1      0 10376676 378416 4849232    0    0    12 22520 4025 6079  2 15 43 40  0 2019-10-11 19:36:10
 0 22      0 10368772 378808 4856492    0    0    28 23372 2962 6261  1 10 43 46  0 2019-10-11 19:36:11
 0 22      0 10361136 379212 4864036    0    0    24 23316 3321 6396  1 14 30 54  0 2019-10-11 19:36:12
 0 12      0 10353264 379612 4871356    0    0    16 21916 2678 6825  1  7 23 68  0 2019-10-11 19:36:13
13  0      0 10345660 379960 4878336    0    0    20 21696 3811 6273  2  9 23 67  0 2019-10-11 19:36:14
 0  3      0 10338592 380524 4885288    0    0    36 21920 4140 6235  1 11 19 70  0 2019-10-11 19:36:15
 2  1      0 10331912 380880 4890696    0    0     8 17732 3746 5686  1  7 30 62  0 2019-10-11 19:36:16
27  0      0 10325792 381168 4896432    0    0    12 17844 3159 5534  1 13 35 50  0 2019-10-11 19:36:17
 0  2      0 10320436 381448 4901836    0    0     8 17684 3383 5802  1 10 36 52  0 2019-10-11 19:36:18
 0  3      0 10315372 381728 4906480    0    0     4 15904 3471 5935  1  8 40 51  0 2019-10-11 19:36:19
 1  2      0 10309316 382080 4911152    0    0     4 15272 3245 5736  1 12 40 48  0 2019-10-11 19:36:20
 1  3      0 10303724 382396 4916432    0    0     4 17604 3618 5766  1 12 37 50  0 2019-10-11 19:36:21
 2  2      0 10297808 382728 4921400    0    0     8 16096 3607 5384  1 12 41 45  0 2019-10-11 19:36:22
 0  2      0 10292168 382972 4926836    0    0    12 16924 3187 5623  2  9 42 48  0 2019-10-11 19:36:23
 2  3      0 10286584 383284 4932080    0    0     8 17792 3708 6092  1 10 36 52  0 2019-10-11 19:36:24
 0  2      0 10281708 383536 4937040    0    0     4 16256 3679 5715  1 11 40 47  0 2019-10-11 19:36:25
 0  2      0 10275264 383892 4942924    0    0     8 17824 3644 5759  1  9 39 51  0 2019-10-11 19:36:26
 0  3      0 10269964 384128 4947988    0    0     8 16944 3648 5619  2 11 37 51  0 2019-10-11 19:36:27
 0  2      0 10263300 384420 4953376    0    0    12 16840 3677 5712  1 11 35 53  0 2019-10-11 19:36:28
 8 16      0 10257880 384700 4959000    0    0     4 17240 3697 5781  1 10 43 46  0 2019-10-11 19:36:29
 1  3      0 10252320 385044 4964060    0    0     4 17060 3261 5364  0 13 41 46  0 2019-10-11 19:36:30
 3  3      0 10245996 385464 4969116    0    0    20 17344 3498 5738  1 14 33 52  0 2019-10-11 19:36:31
 0  3      0 10241728 385696 4974140    0    0     8 16312 3571 5592  1 11 38 50  0 2019-10-11 19:36:32
12  0      0 10253064 385936 4978604    0    0    16 14012 3387 5154  2 11 39 49  0 2019-10-11 19:36:33
 1  2      0 10284092 386032 4955944    0    0     0  8892 2506 2571  2  7 45 46  0 2019-10-11 19:36:34
 3  2      0 10283548 386032 4955932    0    0     0    40  311  514  1  1 50 48  0 2019-10-11 19:36:35
 4  2      0 10816004 386032 4429760    0    0     0     0  450  792  1  5 53 40  0 2019-10-11 19:36:36
 1  2      0 10815760 386032 4429764    0    0     0   576  804 1484  1  2 48 49  0 2019-10-11 19:36:37
 1  0      0 10816012 386032 4429812    0    0     0  1488 1600 3037  1  2 50 47  0 2019-10-11 19:36:38
 0  2      0 10815996 386032 4429852    0    0     0  1488 1559 3020  1  3 49 47  0 2019-10-11 19:36:39
 0  0      0 10899216 313740 4426400    0    0     0  1400 1353 2653  1  3 59 37  0 2019-10-11 19:36:40
